[-0.41921,0.0719616,0.905033,0,-0.189861,0.967864,-0.164901,0,-0.887815,-0.240959,-0.392076,0,102.81,-112.868,38.834,1]
[-0.368513,0.0519919,0.928168,0,-0.229941,0.962312,-0.145199,0,-0.900736,-0.266932,-0.342669,0,109.102,-109.627,28.2072,1]
[-0.364801,0.0606186,0.92911,0,-0.23271,0.960272,-0.154022,0,-0.901536,-0.272401,-0.336202,0,109.491,-109.046,28.3528,1]
[-0.363516,0.0698224,0.928968,0,-0.233735,0.958455,-0.163502,0,-0.901789,-0.276568,-0.332093,0,109.627,-108.618,28.8239,1]
[-0.364347,0.0894737,0.926955,0,-0.233283,0.954868,-0.183862,0,-0.901571,-0.283233,-0.327031,0,109.534,-107.982,30.2105,1]
[-0.371151,0.115023,0.921421,0,-0.222726,0.952304,-0.208592,0,-0.901465,-0.282644,-0.32783,0,108.14,-108.245,32.7872,1]
[-0.378275,0.13808,0.915337,0,-0.209275,0.950456,-0.229863,0,-0.901727,-0.278508,-0.330638,0,106.38,-108.834,35.0455,1]
[-0.388495,0.176566,0.904376,0,-0.18269,0.947227,-0.263411,0,-0.903159,-0.267554,-0.335736,0,103.03,-110.059,39.2012,1]
[-0.396329,0.198367,0.896423,0,-0.167218,0.944452,-0.282927,0,-0.902752,-0.26203,-0.341143,0,101.024,-110.569,41.8834,1]
[-0.404174,0.208469,0.890609,0,-0.157676,0.943226,-0.292342,0,-0.900989,-0.258584,-0.348357,0,99.711,-110.903,43.3266,1]
[-0.412651,0.210746,0.886175,0,-0.15156,0.943421,-0.294934,0,-0.898192,-0.256014,-0.357363,0,98.7894,-111.215,43.9748,1]
[-0.421739,0.209036,0.882293,0,-0.148598,0.943972,-0.29468,0,-0.894458,-0.255385,-0.367047,0,98.2275,-111.353,44.2563,1]
[-0.429852,0.207501,0.878732,0,-0.146439,0.944326,-0.294624,0,-0.890945,-0.255326,-0.375535,0,97.7795,-111.44,44.4705,1]
[-0.437273,0.201945,0.876362,0,-0.145685,0.945686,-0.290611,0,-0.88745,-0.254749,-0.384103,0,97.5083,-111.617,44.1563,1]
[-0.443685,0.187673,0.876312,0,-0.14985,0.948525,-0.279008,0,-0.883566,-0.255107,-0.392723,0,97.8326,-111.744,42.7432,1]
[-0.447866,0.171899,0.877421,0,-0.156813,0.951031,-0.266363,0,-0.880242,-0.256886,-0.398979,0,98.5208,-111.704,41.0156,1]
[-0.448471,0.156702,0.879954,0,-0.16667,0.952581,-0.254579,0,-0.87812,-0.260833,-0.401088,0,99.6146,-111.408,39.0629,1]
[-0.443451,0.144257,0.884614,0,-0.176987,0.953437,-0.244202,0,-0.878651,-0.264856,-0.397271,0,100.804,-111.112,36.779,1]
[-0.431749,0.137088,0.891516,0,-0.184764,0.953984,-0.236172,0,-0.882868,-0.266687,-0.386552,0,101.752,-111.054,34.3061,1]
[-0.417225,0.137834,0.89829,0,-0.189445,0.953527,-0.2343,0,-0.888838,-0.267933,-0.371723,0,102.303,-111.077,32.3995,1]
[-0.403113,0.140595,0.904286,0,-0.195197,0.95218,-0.235057,0,-0.894091,-0.271269,-0.356392,0,102.913,-110.841,30.8174,1]
[-0.385926,0.150307,0.910203,0,-0.197922,0.950173,-0.240827,0,-0.901048,-0.273091,-0.336948,0,103.112,-110.81,29.6684,1]
[-0.370853,0.156329,0.915439,0,-0.201601,0.948673,-0.243675,0,-0.906546,-0.274921,-0.320302,0,103.358,-110.757,28.3625,1]
[-0.35623,0.160267,0.920551,0,-0.20087,0.949013,-0.242953,0,-0.912552,-0.271458,-0.305874,0,103.051,-111.319,26.7238,1]
[-0.342625,0.165312,0.924813,0,-0.19537,0.950338,-0.242255,0,-0.918933,-0.263683,-0.293313,0,102.171,-112.357,25.2767,1]
[-0.329882,0.172143,0.928194,0,-0.186772,0.951897,-0.242918,0,-0.925361,-0.253495,-0.281862,0,100.888,-113.662,24.1167,1]
[-0.317983,0.177119,0.931405,0,-0.178576,0.953623,-0.24231,0,-0.931127,-0.243377,-0.271607,0,99.6174,-114.968,22.8702,1]
[-0.307215,0.177735,0.934895,0,-0.174776,0.955156,-0.239019,0,-0.935453,-0.236828,-0.262374,0,98.8388,-115.867,21.357,1]
[-0.297154,0.175137,0.93863,0,-0.174801,0.956443,-0.2338,0,-0.938693,-0.233547,-0.253597,0,98.493,-116.42,19.6299,1]
[-0.287823,0.168205,0.942796,0,-0.178915,0.957678,-0.225481,0,-0.940822,-0.233579,-0.245548,0,98.6116,-116.641,17.5355,1]
[-0.278164,0.162549,0.94668,0,-0.183798,0.958358,-0.21856,0,-0.942785,-0.234794,-0.236704,0,98.8052,-116.745,15.5949,1]
[-0.26788,0.163188,0.949531,0,-0.188202,0.957702,-0.217688,0,-0.944892,-0.237017,-0.225837,0,98.9203,-116.786,14.3756,1]
[-0.256387,0.169106,0.951666,0,-0.19049,0.956427,-0.221272,0,-0.947618,-0.238014,-0.213002,0,98.7416,-116.983,13.6293,1]
[-0.243349,0.178943,0.953289,0,-0.190535,0.954865,-0.227877,0,-0.95104,-0.237089,-0.19827,0,98.2462,-117.381,13.2195,1]
[-0.229802,0.188702,0.954768,0,-0.189481,0.953576,-0.234072,0,-0.954614,-0.234701,-0.183378,0,97.5963,-117.913,12.775,1]
[-0.215252,0.199773,0.955907,0,-0.186556,0.952413,-0.241052,0,-0.958574,-0.230217,-0.16774,0,96.6387,-118.652,12.437,1]
[-0.200716,0.210681,0.956727,0,-0.183305,0.951276,-0.247937,0,-0.962347,-0.225138,-0.152317,0,95.6108,-119.436,12.1294,1]
[-0.185949,0.222537,0.957027,0,-0.178563,0.950141,-0.25563,0,-0.966198,-0.218423,-0.136941,0,94.3687,-120.373,11.9845,1]
[-0.170553,0.234156,0.957122,0,-0.17363,0.949013,-0.263112,0,-0.96993,-0.21106,-0.1212,0,93.0441,-121.369,11.8149,1]
[-0.154446,0.244909,0.957166,0,-0.169066,0.947949,-0.269831,0,-0.973428,-0.203499,-0.105001,0,91.7071,-122.349,11.5317,1]
[-0.13781,0.254302,0.957256,0,-0.165034,0.947071,-0.275355,0,-0.976613,-0.195926,-0.0885472,0,90.4013,-123.303,11.0865,1]
[-0.119644,0.263143,0.957309,0,-0.160729,0.946382,-0.280227,0,-0.97972,-0.187395,-0.0709339,0,88.9812,-124.327,10.4974,1]
[-0.0999177,0.271755,0.957166,0,-0.157131,0.945599,-0.284873,0,-0.98251,-0.178864,-0.0517812,0,87.5828,-125.299,9.79105,1]
[-0.0778072,0.279927,0.956863,0,-0.154181,0.944847,-0.288949,0,-0.984974,-0.170013,-0.0303563,0,86.1785,-126.29,8.88478,1]
[-0.0539305,0.286567,0.956541,0,-0.153031,0.944247,-0.291512,0,-0.986749,-0.162102,-0.00707007,0,84.9011,-127.167,7.669,1]
[-0.0286231,0.290929,0.956316,0,-0.153623,0.944062,-0.291799,0,-0.987715,-0.155265,0.0176716,0,83.7619,-127.951,6.07209,1]
[-0.00164412,0.293836,0.955854,0,-0.155381,0.944171,-0.290512,0,-0.987853,-0.148999,0.0441041,0,82.6739,-128.704,4.20506,1]
[0.0260094,0.295695,0.954928,0,-0.158494,0.944388,-0.288115,0,-0.987017,-0.143857,0.0714289,0,81.6845,-129.351,2.15219,1]
[0.0547727,0.297142,0.953261,0,-0.16186,0.94471,-0.285176,0,-0.985292,-0.138675,0.0998396,0,80.6321,-130.005,0.00837855,1]
[0.084086,0.299187,0.950482,0,-0.165979,0.94474,-0.282696,0,-0.982538,-0.133989,0.129098,0,79.6,-130.621,-2.04821,1]
[0.113157,0.300919,0.946912,0,-0.169807,0.944869,-0.279978,0,-0.978959,-0.129111,0.158017,0,78.4796,-131.253,-4.07232,1]
[0.141325,0.300877,0.943133,0,-0.173198,0.945516,-0.275685,0,-0.974695,-0.124388,0.185736,0,77.2929,-131.885,-6.19989,1]
[0.169162,0.300169,0.938767,0,-0.175985,0.946386,-0.270894,0,-0.969749,-0.119384,0.212918,0,76.0029,-132.529,-8.28657,1]
[0.194205,0.299953,0.933977,0,-0.178366,0.94703,-0.267057,0,-0.964609,-0.114726,0.237419,0,74.7054,-133.142,-10.0629,1]
[0.216031,0.299877,0.929196,0,-0.178376,0.947773,-0.264401,0,-0.959954,-0.108628,0.25824,0,73.1994,-133.859,-11.4327,1]
[0.23333,0.299895,0.924997,0,-0.17481,0.948693,-0.263482,0,-0.956555,-0.100221,0.273783,0,71.4445,-134.762,-12.2314,1]
[0.248539,0.299688,0.921095,0,-0.16933,0.949733,-0.263315,0,-0.953706,-0.0905248,0.286792,0,69.4919,-135.747,-12.7911,1]
[0.259001,0.298178,0.918699,0,-0.161207,0.951159,-0.263266,0,-0.952329,-0.0799145,0.294419,0,67.4085,-136.798,-13.0542,1]
[0.266981,0.29528,0.91735,0,-0.151543,0.952923,-0.262627,0,-0.951712,-0.0689018,0.29916,0,65.2851,-137.851,-13.2159,1]
[0.274166,0.291682,0.916381,0,-0.140514,0.954817,-0.261877,0,-0.951362,-0.0569669,0.302764,0,62.9651,-138.96,-13.3606,1]
[0.280414,0.289047,0.915325,0,-0.129612,0.956252,-0.262264,0,-0.951088,-0.0450948,0.305611,0,60.7108,-140.017,-13.2947,1]
[0.284879,0.289166,0.913908,0,-0.118493,0.956725,-0.265777,0,-0.951212,-0.0325772,0.306815,0,58.578,-141.065,-12.64,1]
[0.288599,0.292201,0.911773,0,-0.109243,0.956123,-0.271836,0,-0.951198,-0.0211528,0.307857,0,56.6696,-141.972,-11.6326,1]
[0.291847,0.297962,0.90887,0,-0.102096,0.954514,-0.280142,0,-0.951,-0.0110336,0.308993,0,55.0717,-142.744,-10.2811,1]
[0.294939,0.306313,0.905087,0,-0.0966548,0.951929,-0.290669,0,-0.950615,-0.00175127,0.310368,0,53.7954,-143.415,-8.52248,1]
[0.299138,0.314033,0.901055,0,-0.092104,0.949388,-0.3003,0,-0.949754,0.00684049,0.312922,0,52.5296,-144.025,-7.00579,1]
[0.303541,0.323063,0.896378,0,-0.0907129,0.94629,-0.310333,0,-0.94849,0.0128859,0.316544,0,51.7119,-144.473,-5.45997,1]
[0.308167,0.331687,0.891637,0,-0.0910684,0.943232,-0.319406,0,-0.946963,0.0172304,0.320879,0,51.1949,-144.82,-4.01768,1]
[0.312896,0.339518,0.887031,0,-0.0938784,0.940408,-0.326834,0,-0.945136,0.018992,0.326123,0,50.9684,-145.075,-2.92166,1]
[0.317942,0.346962,0.882344,0,-0.0973518,0.937662,-0.333635,0,-0.943099,0.0201789,0.3319,0,50.8269,-145.308,-1.93563,1]
[0.322579,0.354228,0.877762,0,-0.101866,0.934941,-0.339867,0,-0.941045,0.0202199,0.337676,0,50.94,-145.51,-0.972886,1]
[0.32396,0.372804,0.869521,0,-0.111425,0.927725,-0.356245,0,-0.939486,0.0185226,0.342086,0,51.8498,-145.313,1.56809,1]
[0.32217,0.396866,0.859479,0,-0.122677,0.917732,-0.37778,0,-0.938699,0.0162709,0.344353,0,53.2073,-144.84,5.07439,1]
[0.320308,0.413258,0.85242,0,-0.132584,0.910529,-0.391609,0,-0.937989,0.0124188,0.346442,0,54.4183,-144.459,7.42209,1]
[0.318,0.424345,0.847825,0,-0.141817,0.905474,-0.400007,0,-0.937424,0.00696568,0.34812,0,55.5326,-144.143,8.89619,1]
[0.315765,0.429588,0.846018,0,-0.148607,0.903024,-0.403068,0,-0.937128,0.0015502,0.348983,0,56.3266,-144.032,9.56017,1]
[0.312583,0.432538,0.845697,0,-0.153492,0.901609,-0.404402,0,-0.937407,-0.00339901,0.348219,0,57.0069,-143.998,10.0884,1]
[0.308066,0.435719,0.845721,0,-0.156319,0.900056,-0.406772,0,-0.938435,-0.00689,0.345388,0,57.3921,-144.048,10.7622,1]
[0.302167,0.440739,0.845248,0,-0.157926,0.897589,-0.411574,0,-0.940082,-0.0091228,0.340826,0,56.952,-144.202,11.2388,1]
[0.298251,0.443167,0.845369,0,-0.155487,0.896406,-0.415066,0,-0.941738,-0.00765018,0.336261,0,56.621,-144.487,12.1698,1]
[0.294841,0.44387,0.846196,0,-0.150965,0.896079,-0.417435,0,-0.943546,-0.00466903,0.331209,0,55.9142,-144.925,12.861,1]
[0.291077,0.445603,0.846588,0,-0.1463,0.89523,-0.420904,0,-0.945447,-0.00134064,0.325773,0,55.1969,-145.333,13.7418,1]
[0.287832,0.448625,0.846102,0,-0.140922,0.893714,-0.42593,0,-0.947256,0.00336137,0.32046,0,54.4141,-145.7,14.9411,1]
[0.286262,0.451569,0.845068,0,-0.135936,0.892197,-0.430705,0,-0.948459,0.00841948,0.316787,0,53.5652,-146.13,15.9885,1]
[0.28658,0.453669,0.843834,0,-0.129966,0.891045,-0.434912,0,-0.9492,0.014967,0.314317,0,52.5059,-146.65,16.938,1]
[0.288371,0.455077,0.842465,0,-0.125007,0.890204,-0.438076,0,-0.949324,0.0210149,0.313597,0,51.538,-147.17,17.6567,1]
[0.290702,0.457738,0.840219,0,-0.12226,0.888715,-0.441857,0,-0.94897,0.0257239,0.314315,0,50.8228,-147.59,18.4294,1]
[0.294181,0.461152,0.837136,0,-0.120677,0.886807,-0.446107,0,-0.948101,0.0302132,0.316532,0,50.3165,-147.944,19.3328,1]
[0.298261,0.465376,0.833346,0,-0.119062,0.884406,-0.451277,0,-0.947029,0.0353788,0.319193,0,49.7058,-148.296,20.3047,1]
[0.302207,0.469387,0.829666,0,-0.117199,0.882055,-0.456336,0,-0.94601,0.0406718,0.321575,0,49.0494,-148.651,21.2653,1]
[0.305325,0.473904,0.825949,0,-0.114989,0.879369,-0.462047,0,-0.94528,0.0460991,0.322987,0,48.3891,-148.969,22.3929,1]
[0.308032,0.478248,0.822433,0,-0.111782,0.876672,-0.467921,0,-0.944786,0.0522015,0.323502,0,47.6144,-149.304,23.6375,1]
[0.309894,0.483007,0.818945,0,-0.108986,0.873716,-0.47407,0,-0.944504,0.0576576,0.3234,0,46.9388,-149.585,24.9266,1]
[0.309715,0.490506,0.814543,0,-0.106895,0.869197,-0.482773,0,-0.944802,0.0624513,0.321636,0,46.4017,-149.707,26.6725,1]
[0.308255,0.500688,0.808882,0,-0.105427,0.86303,-0.494028,0,-0.945444,0.0670084,0.318819,0,46.0894,-149.637,28.9827,1]
[0.307376,0.512378,0.801866,0,-0.105485,0.855814,-0.506414,0,-0.945723,0.0710744,0.317105,0,45.9561,-149.448,31.4458,1]
[0.307626,0.525749,0.793066,0,-0.107325,0.847338,-0.520097,0,-0.945435,0.0748791,0.317089,0,45.9928,-149.113,34.0666,1]
[0.309337,0.538948,0.783483,0,-0.110031,0.838644,-0.53345,0,-0.944565,0.0788087,0.318725,0,46.1609,-148.732,36.6621,1]
[0.310643,0.551181,0.774403,0,-0.113184,0.830362,-0.545607,0,-0.943764,0.0818386,0.320331,0,46.4145,-148.321,39.0549,1]
[0.310578,0.563208,0.765727,0,-0.11682,0.822073,-0.557269,0,-0.943342,0.0836234,0.321111,0,46.7873,-147.836,41.3844,1]
[0.308453,0.57519,0.757637,0,-0.120118,0.813649,-0.568811,0,-0.943625,0.0844456,0.320063,0,47.2659,-147.228,43.8049,1]
[0.305797,0.587509,0.749214,0,-0.122614,0.804658,-0.58094,0,-0.944169,0.0857852,0.318099,0,47.6478,-146.562,46.328,1]
[0.302597,0.600781,0.739931,0,-0.125154,0.79465,-0.594027,0,-0.944866,0.0871454,0.315649,0,48.05,-145.752,49.0441,1]
[0.29927,0.613933,0.730428,0,-0.128018,0.784426,-0.606867,0,-0.945542,0.0881096,0.313349,0,48.5379,-144.876,51.7299,1]
[0.296273,0.625926,0.721414,0,-0.131276,0.774844,-0.618371,0,-0.946038,0.0885028,0.311735,0,49.0648,-144.012,54.1557,1]
[0.29243,0.638561,0.711846,0,-0.135457,0.76454,-0.630183,0,-0.946645,0.0878599,0.310072,0,49.7805,-142.979,56.6487,1]
[0.287937,0.652054,0.701368,0,-0.139207,0.753105,-0.643004,0,-0.947477,0.0875094,0.307618,0,50.4756,-141.787,59.3578,1]
[0.282677,0.66559,0.690712,0,-0.142716,0.741249,-0.655882,0,-0.948539,0.0868271,0.304525,0,51.1707,-140.487,62.0955,1]
[0.276257,0.678988,0.680189,0,-0.146248,0.729189,-0.668502,0,-0.949891,0.0852022,0.300744,0,51.8875,-139.087,64.7715,1]
[0.268664,0.691946,0.670097,0,-0.149848,0.717229,-0.680536,0,-0.951507,0.0824228,0.29638,0,52.718,-137.595,67.4056,1]
[0.260798,0.70454,0.660006,0,-0.153331,0.705217,-0.692213,0,-0.953139,0.0793286,0.291947,0,53.5459,-136.04,69.9649,1]
[0.252372,0.717202,0.649561,0,-0.156375,0.692696,-0.704073,0,-0.954911,0.0761135,0.28697,0,54.316,-134.356,72.5743,1]
[0.243748,0.730032,0.638467,0,-0.159133,0.679506,-0.716204,0,-0.956694,0.0729716,0.2818,0,55.0698,-132.542,75.2453,1]
[0.234193,0.742567,0.627493,0,-0.162392,0.666254,-0.727828,0,-0.958531,0.0685524,0.276619,0,55.9415,-130.611,77.8168,1]
[0.222933,0.756019,0.615416,0,-0.165069,0.651463,-0.740506,0,-0.960756,0.0634969,0.270028,0,56.7785,-128.395,80.6132,1]
[0.210602,0.769482,0.602946,0,-0.167107,0.636038,-0.753347,0,-0.963183,0.0578998,0.262537,0,57.5645,-126.048,83.4612,1]
[0.197445,0.781641,0.591652,0,-0.170331,0.621707,-0.764504,0,-0.965403,0.0501707,0.255891,0,58.5597,-123.688,85.9541,1]
[0.186246,0.79119,0.582521,0,-0.172363,0.610012,-0.773419,0,-0.967266,0.0436409,0.249984,0,59.3045,-121.659,87.9773,1]
[0.17752,0.797748,0.576267,0,-0.172724,0.601735,-0.779796,0,-0.968841,0.038894,0.24461,0,59.6994,-120.089,89.4451,1]
[0.168886,0.802725,0.571935,0,-0.173069,0.595406,-0.784563,0,-0.970322,0.0335177,0.239483,0,60.0672,-118.732,90.5748,1]
[0.161135,0.80523,0.570649,0,-0.172666,0.592288,-0.787008,0,-0.971711,0.0282829,0.234474,0,60.2928,-117.716,91.2227,1]
[0.155279,0.805608,0.571737,0,-0.1715,0.591953,-0.787515,0,-0.97287,0.0242317,0.230079,0,60.3225,-117.111,91.4074,1]
[0.152028,0.80245,0.577028,0,-0.171013,0.596365,-0.784285,0,-0.973469,0.0205544,0.227894,0,60.351,-117.095,90.7625,1]
[0.150094,0.795536,0.587021,0,-0.170248,0.605675,-0.777286,0,-0.973903,0.0167269,0.226347,0,60.2817,-117.66,89.3619,1]
[0.149288,0.785085,0.601128,0,-0.168907,0.619253,-0.766809,0,-0.97426,0.0129406,0.225054,0,60.1053,-118.739,87.2722,1]
[0.149499,0.770268,0.61995,0,-0.167214,0.637661,-0.75195,0,-0.97452,0.00875141,0.22413,0,59.832,-120.359,84.3391,1]
[0.150391,0.751755,0.642065,0,-0.164294,0.659425,-0.733598,0,-0.974879,0.00483862,0.22268,0,59.3374,-122.321,80.8136,1]
[0.152554,0.730615,0.665529,0,-0.159625,0.682785,-0.712968,0,-0.975319,0.00253036,0.220786,0,58.574,-124.469,76.9349,1]
[0.157357,0.706394,0.690106,0,-0.153134,0.707813,-0.689602,0,-0.975597,0.00283442,0.219552,0,57.4756,-126.832,72.6568,1]
[0.16397,0.680142,0.714507,0,-0.145779,0.733065,-0.664353,0,-0.975634,0.00477403,0.219351,0,56.1244,-129.254,68.0573,1]
[0.172353,0.650742,0.739479,0,-0.137191,0.759254,-0.636169,0,-0.975435,0.00819577,0.220136,0,54.5639,-131.748,63.0135,1]
[0.181105,0.621549,0.762154,0,-0.128158,0.783276,-0.608321,0,-0.975078,0.0124933,0.221512,0,52.932,-133.952,58.1162,1]
[0.190978,0.594005,0.781464,0,-0.118479,0.804246,-0.582367,0,-0.974418,0.0186323,0.22397,0,51.203,-135.775,53.6666,1]
[0.200631,0.565829,0.79974,0,-0.10739,0.824122,-0.556139,0,-0.973763,0.0256949,0.226108,0,49.2605,-137.477,49.2077,1]
[0.208385,0.536921,0.817491,0,-0.0966482,0.843054,-0.529074,0,-0.97326,0.0312424,0.227572,0,47.4724,-138.938,44.7296,1]
[0.213906,0.509054,0.833732,0,-0.0870142,0.860023,-0.502782,0,-0.972971,0.0350017,0.228259,0,45.885,-140.057,40.4604,1]
[0.217316,0.482653,0.848422,0,-0.0787544,0.87503,-0.477619,0,-0.972919,0.0369772,0.228169,0,44.6139,-140.907,36.4872,1]
[0.217807,0.457878,0.861921,0,-0.0729423,0.88829,-0.453454,0,-0.973262,0.035895,0.226874,0,43.8566,-141.4,32.8027,1]
[0.217461,0.436124,0.873216,0,-0.0707851,0.899316,-0.431532,0,-0.973499,0.0320305,0.226437,0,43.6641,-141.553,29.522,1]
[0.218839,0.418904,0.881265,0,-0.0717772,0.907621,-0.413608,0,-0.973117,0.027259,0.228691,0,43.8584,-141.47,26.8311,1]
[0.221952,0.403893,0.887472,0,-0.0729326,0.914502,-0.397954,0,-0.972326,0.0236013,0.232433,0,44.0279,-141.257,24.4798,1]
[0.224877,0.389704,0.893063,0,-0.0731395,0.920703,-0.383349,0,-0.971638,0.0208883,0.235548,0,44.085,-141.033,22.4,1]
[0.22627,0.378638,0.89746,0,-0.0731494,0.925359,-0.371966,0,-0.971314,0.0185162,0.237078,0,44.1655,-140.736,20.9023,1]
[0.227,0.368697,0.901407,0,-0.0734655,0.929414,-0.361652,0,-0.97112,0.0158725,0.238063,0,44.3122,-140.384,19.6042,1]
[0.226645,0.361918,0.904239,0,-0.0757167,0.932135,-0.354106,0,-0.97103,0.0117901,0.238667,0,44.7582,-139.912,18.777,1]
[0.226712,0.356617,0.906326,0,-0.0773066,0.934209,-0.34825,0,-0.970889,0.00888757,0.239365,0,45.0977,-139.504,18.2198,1]
[0.226496,0.351679,0.908307,0,-0.0787369,0.936101,-0.342806,0,-0.970824,0.00612687,0.239713,0,45.4241,-139.1,17.7429,1]
[0.226393,0.346055,0.91049,0,-0.0809182,0.938211,-0.336471,0,-0.970669,0.00249952,0.240407,0,45.8616,-138.731,17.1569,1]
[0.226677,0.340932,0.91235,0,-0.0841124,0.940086,-0.330398,0,-0.970331,-0.00184637,0.241772,0,46.4248,-138.386,16.5919,1]
[0.226524,0.337487,0.913668,0,-0.0889761,0.9413,-0.325634,0,-0.969933,-0.00753093,0.243255,0,47.2308,-137.997,16.2194,1]
[0.225621,0.336982,0.914078,0,-0.0948536,0.941412,-0.323646,0,-0.969586,-0.0136822,0.244366,0,48.1992,-137.565,16.3074,1]
[0.225203,0.338848,0.913491,0,-0.101294,0.940637,-0.323946,0,-0.969032,-0.0195774,0.246158,0,49.2286,-137.146,16.7363,1]
[0.227026,0.342937,0.911511,0,-0.106792,0.939072,-0.326708,0,-0.968016,-0.0231711,0.249817,0,50.072,-136.771,17.4986,1]
[0.231115,0.350708,0.907518,0,-0.11073,0.936193,-0.333589,0,-0.966605,-0.0233914,0.255202,0,50.6339,-136.448,18.8412,1]
[0.235397,0.359996,0.902768,0,-0.113614,0.932695,-0.342305,0,-0.965236,-0.0219892,0.260454,0,51.0411,-136.146,20.4797,1]
[0.239216,0.372617,0.896622,0,-0.115533,0.927796,-0.354749,0,-0.964068,-0.0187279,0.264993,0,51.3204,-135.827,22.7481,1]
[0.242504,0.38574,0.890167,0,-0.116707,0.922491,-0.367953,0,-0.963105,-0.0146585,0.268726,0,51.5092,-135.515,25.1673,1]
[0.245842,0.400639,0.882638,0,-0.117421,0.916187,-0.383162,0,-0.962171,-0.00944244,0.272281,0,51.6389,-135.162,27.93,1]
[0.249802,0.41697,0.873919,0,-0.117766,0.908915,-0.400005,0,-0.961109,-0.00299607,0.276154,0,51.7056,-134.753,30.9481,1]
[0.253309,0.434114,0.864511,0,-0.118001,0.90085,-0.417786,0,-0.960162,0.00381557,0.279419,0,51.7821,-134.251,34.1285,1]
[0.256992,0.452511,0.853925,0,-0.118971,0.891695,-0.436722,0,-0.959063,0.010642,0.282994,0,51.968,-133.624,37.5302,1]
[0.259547,0.471652,0.842721,0,-0.121728,0.881644,-0.455946,0,-0.958028,0.0157567,0.286241,0,52.4343,-132.793,40.9955,1]
[0.261891,0.49155,0.830537,0,-0.124911,0.870599,-0.475872,0,-0.95698,0.0208838,0.289402,0,52.9705,-131.821,44.5984,1]
[0.265564,0.512078,0.816855,0,-0.126706,0.858467,-0.496971,0,-0.955731,0.0284774,0.292861,0,53.3162,-130.746,48.3919,1]
[0.269092,0.5329,0.802251,0,-0.129833,0.845444,-0.518043,0,-0.954323,0.0352424,0.29669,0,53.8596,-129.507,52.188,1]
[0.271583,0.552441,0.788069,0,-0.134567,0.832598,-0.537282,0,-0.952961,0.0398684,0.300459,0,54.6402,-128.179,55.7102,1]
[0.273284,0.571507,0.773754,0,-0.140316,0.819455,-0.555703,0,-0.951644,0.043295,0.304136,0,55.5911,-126.724,59.1278,1]
[0.274794,0.590797,0.758582,0,-0.145599,0.805425,-0.574536,0,-0.950415,0.0474307,0.307345,0,56.4909,-125.145,62.6528,1]
[0.275988,0.611239,0.741766,0,-0.151443,0.789754,-0.594436,0,-0.949155,0.0517221,0.310531,0,57.4522,-123.319,66.3261,1]
[0.27778,0.631629,0.723798,0,-0.157424,0.773195,-0.614319,0,-0.947658,0.0567022,0.314211,0,58.4323,-121.341,69.9921,1]
[0.281136,0.6505,0.705558,0,-0.163496,0.756929,-0.632715,0,-0.945638,0.0625229,0.319154,0,59.3767,-119.387,73.365,1]
[0.285454,0.667337,0.687879,0,-0.16889,0.741537,-0.649307,0,-0.943394,0.069171,0.324381,0,60.2266,-117.526,76.4528,1]
[0.288996,0.682602,0.671219,0,-0.174435,0.726946,-0.66417,0,-0.941304,0.0748586,0.329154,0,61.1116,-115.684,79.28,1]
[0.29112,0.696284,0.656078,0,-0.180029,0.713401,-0.677236,0,-0.939595,0.0790441,0.333037,0,62.0126,-113.881,81.8332,1]
[0.292137,0.707688,0.643299,0,-0.185376,0.701787,-0.687846,0,-0.938239,0.0816929,0.336206,0,62.9058,-112.243,84.0027,1]
[0.29149,0.717814,0.632279,0,-0.189735,0.691236,-0.697276,0,-0.937568,0.0832831,0.337683,0,63.6815,-110.649,86.0415,1]
[0.289811,0.726029,0.623612,0,-0.192998,0.682522,-0.704922,0,-0.937423,0.0839386,0.337925,0,64.2845,-109.225,87.7897,1]
[0.288367,0.731986,0.617286,0,-0.195254,0.676078,-0.710489,0,-0.937401,0.0843538,0.337881,0,64.7582,-108.08,89.207,1]
[0.287472,0.736251,0.612613,0,-0.19691,0.671379,-0.714476,0,-0.937329,0.0847623,0.337978,0,65.1405,-107.161,90.3591,1]
[0.28699,0.736601,0.612418,0,-0.197127,0.671041,-0.714735,0,-0.937431,0.0843976,0.337786,0,65.2886,-106.809,90.8998,1]
[0.286683,0.735489,0.613896,0,-0.197118,0.672367,-0.71349,0,-0.937527,0.0835359,0.337735,0,65.4009,-106.642,91.1962,1]
[0.286703,0.73517,0.614269,0,-0.197233,0.672746,-0.7131,0,-0.937497,0.0832934,0.337878,0,65.5407,-106.359,91.6172,1]
[0.288508,0.728756,0.62103,0,-0.195896,0.679817,-0.706735,0,-0.937224,0.0822408,0.338893,0,65.454,-106.947,91.0419,1]
[0.289715,0.721596,0.62878,0,-0.194481,0.687633,-0.699527,0,-0.937146,0.0803775,0.339555,0,65.3481,-107.623,90.3528,1]
[0.289944,0.711783,0.639764,0,-0.19189,0.698141,-0.689766,0,-0.937609,0.0772291,0.339005,0,65.1029,-108.609,89.2802,1]
[0.290192,0.700561,0.651922,0,-0.188281,0.709718,-0.67886,0,-0.938264,0.0742549,0.337857,0,64.7088,-109.761,88.0647,1]
[0.29162,0.686658,0.665927,0,-0.183665,0.723429,-0.66552,0,-0.938736,0.0717716,0.337081,0,64.1412,-111.21,86.4461,1]
[0.294596,0.672357,0.67908,0,-0.178195,0.736802,-0.652204,0,-0.938861,0.0711277,0.336869,0,63.4511,-112.67,84.8089,1]
[0.298628,0.657416,0.691827,0,-0.17276,0.750167,-0.638282,0,-0.938603,0.0710884,0.337596,0,62.7442,-114.138,83.0535,1]
[0.302922,0.641411,0.704862,0,-0.167054,0.763898,-0.623339,0,-0.938259,0.071073,0.338552,0,61.9813,-115.641,81.1528,1]
[0.305944,0.625739,0.71753,0,-0.161187,0.776833,-0.608727,0,-0.938305,0.07058,0.338529,0,61.2196,-116.964,79.3493,1]
[0.30769,0.611777,0.728735,0,-0.155587,0.787933,-0.595781,0,-0.938679,0.0699339,0.337624,0,60.4836,-118.017,77.8327,1]
[0.308538,0.599546,0.738477,0,-0.149572,0.797275,-0.584791,0,-0.939379,0.0699751,0.335665,0,59.6805,-118.796,76.674,1]
[0.310036,0.58779,0.747248,0,-0.143134,0.805877,-0.574521,0,-0.939888,0.0711659,0.333984,0,58.8189,-119.489,75.6189,1]
[0.312281,0.576294,0.755226,0,-0.136868,0.813982,-0.564535,0,-0.940078,0.0729274,0.333067,0,58.0053,-120.119,74.5998,1]
[0.313346,0.565119,0.763187,0,-0.131483,0.821738,-0.55449,0,-0.940493,0.0734012,0.331792,0,57.2984,-120.634,73.6073,1]
[0.312901,0.555007,0.770753,0,-0.127004,0.828664,-0.545148,0,-0.941256,0.0726882,0.329778,0,56.7278,-120.983,72.745,1]
[0.312834,0.544606,0.778164,0,-0.122877,0.835606,-0.53541,0,-0.941826,0.0718761,0.328326,0,56.2442,-121.332,71.8269,1]
[0.313027,0.533625,0.785658,0,-0.119604,0.842794,-0.524778,0,-0.942183,0.0703017,0.327642,0,55.8532,-121.678,70.7624,1]
[0.312793,0.523123,0.792782,0,-0.116809,0.849514,-0.514472,0,-0.942611,0.0683194,0.326828,0,55.5246,-121.963,69.7461,1]
[0.311424,0.513789,0.799397,0,-0.11495,0.855422,-0.505015,0,-0.943293,0.0653833,0.325458,0,55.3228,-122.079,68.8735,1]
[0.30911,0.504749,0.806027,0,-0.113388,0.861048,-0.495721,0,-0.944243,0.0618379,0.323391,0,55.16,-122.127,68.0855,1]
[0.3067,0.495798,0.812478,0,-0.111928,0.866481,-0.486501,0,-0.945202,0.0582706,0.321243,0,55.0214,-122.199,67.3184,1]
[0.303587,0.487813,0.818458,0,-0.11091,0.871253,-0.47814,0,-0.946326,0.054382,0.318605,0,54.8998,-122.145,66.6649,1]
[0.299547,0.480338,0.824347,0,-0.110501,0.875673,-0.470092,0,-0.947661,0.0497236,0.315382,0,54.8712,-122.045,66.0947,1]
[0.296148,0.47341,0.829566,0,-0.109865,0.879645,-0.462768,0,-0.948802,0.0459082,0.312516,0,54.8067,-121.963,65.6291,1]
[0.293501,0.467028,0.834112,0,-0.109048,0.8832,-0.456142,0,-0.949719,0.0429205,0.310149,0,54.7258,-121.848,65.2422,1]
[0.29153,0.46084,0.838234,0,-0.1081,0.886558,-0.449811,0,-0.950434,0.0405207,0.308275,0,54.6298,-121.775,64.8895,1]
[0.290714,0.455123,0.841635,0,-0.106774,0.889563,-0.444159,0,-0.950834,0.0392589,0.307204,0,54.4791,-121.753,64.6282,1]
[0.290067,0.451005,0.844071,0,-0.104486,0.891643,-0.440517,0,-0.951285,0.0395855,0.30576,0,54.2065,-121.629,64.6635,1]
[0.288204,0.448851,0.845855,0,-0.10113,0.892663,-0.439232,0,-0.952214,0.0410471,0.302662,0,53.77,-121.377,65.105,1]
[0.285467,0.449008,0.8467,0,-0.0974897,0.892484,-0.440419,0,-0.953417,0.0431803,0.298548,0,53.2648,-120.981,65.9373,1]
[0.282541,0.449147,0.847607,0,-0.0938712,0.892314,-0.441547,0,-0.954651,0.0451892,0.294277,0,52.755,-120.608,66.7912,1]
[0.280157,0.447223,0.849413,0,-0.0900867,0.893192,-0.44056,0,-0.955718,0.0469052,0.290523,0,52.2318,-120.459,67.3672,1]
[0.277443,0.443698,0.852149,0,-0.0849644,0.894825,-0.438257,0,-0.956978,0.0491889,0.285962,0,51.5203,-120.531,67.8504,1]
[0.27483,0.440975,0.854406,0,-0.0804377,0.896054,-0.436597,0,-0.958122,0.0512633,0.281733,0,50.8737,-120.56,68.4104,1]
[0.272633,0.440699,0.855252,0,-0.0768656,0.896062,-0.437225,0,-0.959043,0.0534626,0.278171,0,50.3889,-120.417,69.2855,1]
[0.271648,0.442028,0.854879,0,-0.0746183,0.895281,-0.439208,0,-0.9595,0.0555202,0.276185,0,50.1312,-120.171,70.3147,1]
[0.27162,0.444692,0.853505,0,-0.0738616,0.893863,-0.442213,0,-0.959566,0.0570728,0.275637,0,50.0989,-119.823,71.4388,1]
[0.27215,0.448886,0.851138,0,-0.0744955,0.891699,-0.446457,0,-0.959367,0.0580973,0.276116,0,50.3026,-119.359,72.6961,1]
[0.272857,0.453972,0.848209,0,-0.0761442,0.889089,-0.451356,0,-0.959037,0.0585695,0.277161,0,50.6869,-118.819,74.0588,1]
[0.273135,0.460217,0.844747,0,-0.0789654,0.885901,-0.457105,0,-0.958729,0.0581457,0.278312,0,51.2289,-118.169,75.5337,1]
[0.272691,0.465879,0.841782,0,-0.0816661,0.882991,-0.462231,0,-0.958629,0.057301,0.27883,0,51.7601,-117.578,76.9587,1]
[0.271754,0.470304,0.839621,0,-0.0838499,0.880708,-0.466179,0,-0.958707,0.0562839,0.278771,0,52.2268,-117.132,78.2805,1]
[0.271165,0.471923,0.838903,0,-0.0852611,0.879909,-0.46743,0,-0.958749,0.0552252,0.278837,0,52.6007,-117.001,79.2521,1]
[0.270832,0.470561,0.839775,0,-0.08508,0.880666,-0.466035,0,-0.958859,0.0547691,0.278548,0,52.7478,-117.215,79.8996,1]
[0.271021,0.465614,0.842467,0,-0.0812836,0.883168,-0.461959,0,-0.959135,0.0567219,0.277204,0,52.4251,-117.922,80.2634,1]
[0.271846,0.458395,0.846153,0,-0.0748144,0.886671,-0.456309,0,-0.959428,0.0607414,0.275332,0,51.7133,-118.939,80.4533,1]
[0.273437,0.450213,0.850024,0,-0.066988,0.890469,-0.450086,0,-0.959554,0.0661289,0.273646,0,50.8115,-120.091,80.566,1]
[0.27633,0.441808,0.853491,0,-0.0578538,0.894107,-0.444101,0,-0.95932,0.0733408,0.272629,0,49.7871,-121.308,80.7038,1]
[0.280133,0.435101,0.855694,0,-0.0497373,0.896766,-0.439702,0,-0.958672,0.0806152,0.272855,0,48.9252,-122.368,80.9989,1]
[0.28448,0.430912,0.85638,0,-0.0440402,0.89822,-0.437335,0,-0.95767,0.0866978,0.274503,0,48.4199,-123.134,81.4961,1]
[0.290472,0.427805,0.855926,0,-0.0397322,0.899114,-0.435908,0,-0.956058,0.0926111,0.278165,0,48.2174,-123.796,82.0273,1]
[0.297277,0.4253,0.854837,0,-0.0366033,0.899731,-0.434906,0,-0.954089,0.097998,0.283037,0,48.1975,-124.397,82.5461,1]
[0.304185,0.422975,0.853559,0,-0.0340012,0.900269,-0.434005,0,-0.952006,0.102995,0.28823,0,48.2871,-124.96,83.0638,1]
[0.311093,0.41974,0.852666,0,-0.0314655,0.901242,-0.432172,0,-0.949858,0.107616,0.293578,0,48.4167,-125.619,83.451,1]
[0.317667,0.415358,0.852388,0,-0.0297272,0.902872,-0.428879,0,-0.947736,0.110902,0.29916,0,48.6457,-126.361,83.5917,1]
[0.323303,0.410767,0.852494,0,-0.0283405,0.904674,-0.425161,0,-0.945871,0.113296,0.304125,0,48.9287,-127.097,83.7044,1]
[0.328074,0.405751,0.853073,0,-0.0279374,0.906828,-0.420575,0,-0.944239,0.114147,0.308843,0,49.3751,-127.841,83.7014,1]
[0.332001,0.400939,0.853828,0,-0.028173,0.908982,-0.415883,0,-0.942858,0.114019,0.313079,0,49.8703,-128.519,83.6628,1]
[0.335307,0.39644,0.854637,0,-0.028649,0.911024,-0.411356,0,-0.941673,0.113446,0.316831,0,50.4092,-129.135,83.6619,1]
[0.337958,0.392422,0.855447,0,-0.0290648,0.912845,-0.40727,0,-0.940712,0.112777,0.319909,0,50.9865,-129.656,83.7513,1]
[0.339268,0.390804,0.855669,0,-0.0304385,0.913703,-0.405241,0,-0.940197,0.11144,0.321885,0,51.612,-129.885,84.1173,1]
[0.339094,0.392081,0.855154,0,-0.0329697,0.913405,-0.405715,0,-0.940175,0.109381,0.322657,0,52.4166,-129.749,84.9037,1]
[0.338174,0.395622,0.853886,0,-0.0362562,0.912147,-0.408257,0,-0.940385,0.107103,0.322808,0,53.3135,-129.354,85.9646,1]
[0.337341,0.39825,0.852994,0,-0.0390194,0.911244,-0.410014,0,-0.940574,0.105031,0.322939,0,54.1096,-129.033,86.9059,1]
[0.336146,0.398391,0.853399,0,-0.0417135,0.911536,-0.4091,0,-0.940886,0.101919,0.323028,0,54.9106,-128.916,87.5041,1]
[0.335065,0.398473,0.853786,0,-0.0437066,0.911765,-0.40838,0,-0.941181,0.0995179,0.322917,0,55.6287,-128.801,88.1345,1]
[0.332795,0.40296,0.852567,0,-0.0487707,0.910247,-0.411184,0,-0.941737,0.0952598,0.322579,0,56.74,-128.066,89.213,1]
[0.332857,0.406002,0.851099,0,-0.0505557,0.908951,-0.413827,0,-0.941621,0.0947171,0.323076,0,57.4542,-127.511,90.2403,1]
[0.333697,0.409983,0.848858,0,-0.0498016,0.906883,-0.41843,0,-0.941364,0.0973545,0.323042,0,57.7677,-126.885,91.5195,1]
[0.333931,0.416618,0.845529,0,-0.0483373,0.903409,-0.426047,0,-0.941357,0.1014,0.321815,0,57.9572,-125.893,93.2441,1]
[0.33418,0.423595,0.841957,0,-0.0476778,0.899768,-0.433756,0,-0.941303,0.10481,0.320881,0,58.2971,-124.777,94.9613,1]
[0.333566,0.429586,0.83916,0,-0.0476132,0.896682,-0.440107,0,-0.941523,0.10685,0.319557,0,58.6779,-123.751,96.4847,1]
[0.331985,0.434522,0.837244,0,-0.0479209,0.894206,-0.445083,0,-0.942067,0.107639,0.317685,0,59.048,-122.795,97.8217,1]
[0.330354,0.43808,0.836033,0,-0.0488418,0.89251,-0.448374,0,-0.942592,0.107289,0.316241,0,59.5279,-121.961,98.9232,1]
[0.328922,0.44117,0.834973,0,-0.0494902,0.891008,-0.451281,0,-0.943059,0.107114,0.314906,0,59.9548,-121.173,99.9377,1]
[0.327908,0.444735,0.833479,0,-0.0495987,0.889147,-0.454926,0,-0.943407,0.107835,0.313617,0,60.2989,-120.32,101.016,1]
[0.327646,0.448256,0.831693,0,-0.0491786,0.887183,-0.45879,0,-0.94352,0.109419,0.312727,0,60.6043,-119.457,102.088,1]
[0.328166,0.450932,0.83004,0,-0.0484008,0.885576,-0.461967,0,-0.943379,0.111427,0.312441,0,60.8595,-118.689,103.012,1]
[0.329485,0.451866,0.82901,0,-0.0472163,0.884826,-0.463523,0,-0.942979,0.113581,0.312872,0,61.1093,-118.161,103.699,1]
[0.332461,0.449558,0.829076,0,-0.0449519,0.885635,-0.462201,0,-0.942045,0.116395,0.314648,0,61.2723,-118.082,103.952,1]
[0.336485,0.445334,0.829732,0,-0.0421757,0.887354,-0.459157,0,-0.940744,0.119505,0.317364,0,61.3708,-118.279,103.922,1]
[0.341026,0.440383,0.83052,0,-0.0392084,0.889376,-0.455492,0,-0.939236,0.122771,0.320567,0,61.4872,-118.59,103.792,1]
[0.346016,0.434569,0.831518,0,-0.0358959,0.891747,-0.451109,0,-0.937542,0.126243,0.324158,0,61.5745,-119.042,103.58,1]
[0.351175,0.429952,0.831756,0,-0.0335297,0.893539,-0.447732,0,-0.935709,0.129344,0.328205,0,61.8082,-119.345,103.456,1]
[0.355888,0.425934,0.83182,0,-0.0317233,0.895089,-0.444758,0,-0.93399,0.131896,0.332063,0,62.1202,-119.575,103.414,1]
[0.360552,0.421767,0.831934,0,-0.0307465,0.896816,-0.441335,0,-0.932232,0.133545,0.336316,0,62.5466,-119.83,103.331,1]
[0.365127,0.417794,0.831944,0,-0.0299768,0.898456,-0.438039,0,-0.930475,0.135001,0.340574,0,62.9973,-120.075,103.263,1]
[0.36978,0.414218,0.831677,0,-0.0290851,0.899845,-0.435238,0,-0.928664,0.136753,0.344792,0,63.4291,-120.284,103.273,1]
[0.374819,0.410644,0.831193,0,-0.0273574,0.901062,-0.432826,0,-0.926694,0.139492,0.348969,0,63.7459,-120.543,103.362,1]
[0.379751,0.407591,0.830457,0,-0.0248897,0.901882,-0.431265,0,-0.924754,0.143103,0.352636,0,63.9428,-120.739,103.614,1]
[0.384249,0.40459,0.829855,0,-0.0222208,0.902654,-0.429794,0,-0.922962,0.146708,0.355834,0,64.1076,-120.939,103.923,1]
[0.387912,0.402252,0.829287,0,-0.0197775,0.903166,-0.428836,0,-0.921484,0.149949,0.358304,0,64.248,-121.075,104.34,1]
[0.390664,0.400931,0.828635,0,-0.0178354,0.903296,-0.428647,0,-0.920361,0.152678,0.360036,0,64.4227,-121.069,104.945,1]
[0.392373,0.400188,0.828187,0,-0.0159787,0.903222,-0.428875,0,-0.919667,0.155046,0.360794,0,64.5808,-121.008,105.701,1]
[0.393407,0.399141,0.828201,0,-0.0137702,0.903298,-0.428793,0,-0.919261,0.157286,0.36086,0,64.6311,-121.005,106.465,1]
[0.39344,0.398408,0.828538,0,-0.0117211,0.903322,-0.428802,0,-0.919275,0.158997,0.360073,0,64.6562,-120.968,107.338,1]
[0.393108,0.397399,0.829181,0,-0.00954139,0.903495,-0.428492,0,-0.919443,0.160532,0.358963,0,64.6387,-120.985,108.202,1]
[0.392793,0.395752,0.830116,0,-0.0067703,0.903887,-0.427718,0,-0.919602,0.162385,0.35772,0,64.5212,-121.114,109.056,1]
[0.391985,0.393702,0.831473,0,-0.00329502,0.904397,-0.426679,0,-0.919966,0.164512,0.355807,0,64.2362,-121.295,109.936,1]
[0.390924,0.393527,0.832055,0,-0.000140414,0.904017,-0.427496,0,-0.920423,0.167002,0.353457,0,64.013,-121.216,111.09,1]
[0.389137,0.395406,0.832001,0,0.00226668,0.902777,-0.430103,0,-0.921177,0.169255,0.350408,0,63.8526,-120.837,112.525,1]
[0.386478,0.398769,0.831636,0,0.00376692,0.901009,-0.433784,0,-0.922291,0.170781,0.346718,0,63.7698,-120.207,114.136,1]
[0.382972,0.402768,0.831331,0,0.00441861,0.899133,-0.437653,0,-0.923749,0.171282,0.342563,0,63.7729,-119.451,115.807,1]
[0.378518,0.407747,0.830943,0,0.00423154,0.896969,-0.442074,0,-0.925584,0.170849,0.337793,0,63.8415,-118.507,117.58,1]
[0.37344,0.413539,0.830378,0,0.00390285,0.894429,-0.447193,0,-0.927646,0.170241,0.332402,0,63.8981,-117.396,119.478,1]
[0.367895,0.419819,0.829702,0,0.00345464,0.891656,-0.452699,0,-0.929861,0.169412,0.326586,0,63.9239,-116.164,121.423,1]
[0.361825,0.425949,0.829247,0,0.00322907,0.888937,-0.458019,0,-0.932241,0.1684,0.320264,0,63.8601,-114.902,123.345,1]
[0.355883,0.431352,0.829025,0,0.00353536,0.886476,-0.462762,0,-0.934524,0.16762,0.313956,0,63.7157,-113.698,125.179,1]
[0.349762,0.4362,0.829093,0,0.00412475,0.884265,-0.466967,0,-0.936829,0.166747,0.307483,0,63.4847,-112.536,126.931,1]
[0.343149,0.440357,0.829659,0,0.00502628,0.882418,-0.470439,0,-0.939268,0.165601,0.300587,0,63.1825,-111.415,128.603,1]
[0.336419,0.444155,0.83039,0,0.005457,0.880853,-0.473358,0,-0.941697,0.163778,0.293912,0,62.9306,-110.327,130.179,1]
[0.329418,0.446756,0.831801,0,0.00554125,0.880043,-0.474862,0,-0.944168,0.161037,0.287427,0,62.6906,-109.364,131.547,1]
[0.322182,0.448508,0.83369,0,0.00518833,0.879799,-0.475318,0,-0.946664,0.157464,0.281128,0,62.4993,-108.479,132.765,1]
[0.315486,0.449842,0.83553,0,0.00473915,0.879739,-0.475433,0,-0.948918,0.153952,0.275413,0,62.3208,-107.65,133.877,1]
[0.308718,0.450398,0.837756,0,0.0040301,0.880151,-0.474676,0,-0.951145,0.149917,0.269904,0,62.1633,-106.902,134.85,1]
[0.302346,0.450626,0.839954,0,0.00334311,0.880689,-0.473684,0,-0.953192,0.146025,0.264767,0,62.0289,-106.145,135.747,1]
[0.296554,0.451005,0.841813,0,0.00271527,0.881064,-0.47299,0,-0.955012,0.142553,0.260059,0,61.9052,-105.369,136.645,1]
[0.2915,0.451163,0.843493,0,0.00256684,0.881416,-0.472334,0,-0.956567,0.13985,0.255775,0,61.7369,-104.6,137.484,1]
[0.287156,0.4515,0.844802,0,0.00260095,0.881575,-0.472037,0,-0.95788,0.137745,0.251975,0,61.5828,-103.787,138.32,1]
[0.282979,0.451597,0.846158,0,0.00277047,0.881829,-0.471561,0,-0.959122,0.135786,0.248288,0,61.4119,-103.009,139.119,1]
[0.279259,0.451766,0.847303,0,0.00298178,0.881996,-0.471247,0,-0.960211,0.134126,0.244958,0,61.2402,-102.201,139.889,1]
[0.275884,0.451641,0.848474,0,0.00362959,0.882237,-0.470792,0,-0.961184,0.132964,0.241756,0,61.0193,-101.453,140.628,1]
[0.27292,0.450756,0.849902,0,0.00462265,0.882816,-0.469696,0,-0.962026,0.132118,0.238854,0,60.7626,-100.847,141.271,1]
[0.270323,0.449092,0.851611,0,0.00652569,0.883668,-0.468069,0,-0.962748,0.132087,0.235945,0,60.3695,-100.375,141.855,1]
[0.268744,0.446941,0.853241,0,0.0100041,0.884486,-0.466458,0,-0.96316,0.133894,0.233229,0,59.8041,-100.047,142.424,1]
[0.267302,0.445272,0.854565,0,0.013932,0.884956,-0.465466,0,-0.963512,0.136326,0.230347,0,59.2079,-99.6543,143.063,1]
[0.266269,0.443823,0.855641,0,0.0192033,0.885069,-0.465063,0,-0.963707,0.140263,0.227144,0,58.4271,-99.2549,143.768,1]
[0.265589,0.441737,0.856931,0,0.0254872,0.885326,-0.464273,0,-0.963749,0.145147,0.223874,0,57.5141,-98.9984,144.455,1]
[0.265712,0.437489,0.859069,0,0.0331416,0.88643,-0.461674,0,-0.963483,0.151143,0.221036,0,56.482,-99.148,144.934,1]
[0.266259,0.431071,0.862139,0,0.0419353,0.888399,-0.457153,0,-0.962989,0.157875,0.218467,0,55.3086,-99.7,145.22,1]
[0.267005,0.422592,0.866097,0,0.0509769,0.891274,-0.450591,0,-0.962346,0.164461,0.216432,0,54.1164,-100.639,145.282,1]
[0.267366,0.414502,0.869887,0,0.0589443,0.894026,-0.444121,0,-0.961791,0.170017,0.214599,0,53.054,-101.517,145.339,1]
[0.267977,0.406266,0.873577,0,0.065934,0.896881,-0.43733,0,-0.961166,0.174793,0.213557,0,52.1768,-102.441,145.362,1]
[0.268452,0.39857,0.876969,0,0.0714515,0.89964,-0.430746,0,-0.960639,0.178295,0.213032,0,51.5161,-103.312,145.375,1]
[0.269496,0.392448,0.879407,0,0.0754038,0.90179,-0.425545,0,-0.960045,0.180994,0.213437,0,51.1526,-103.956,145.484,1]
[0.270914,0.387317,0.881244,0,0.0791684,0.903413,-0.421399,0,-0.959343,0.183929,0.214084,0,50.862,-104.444,145.721,1]
[0.27237,0.384474,0.88204,0,0.0819566,0.904096,-0.419396,0,-0.958696,0.18652,0.214738,0,50.7461,-104.595,146.183,1]
[0.273857,0.383268,0.882104,0,0.0839403,0.904142,-0.418904,0,-0.9581,0.188764,0.215434,0,50.7628,-104.516,146.818,1]
[0.27489,0.382605,0.882071,0,0.0856166,0.904028,-0.418811,0,-0.957656,0.190647,0.215751,0,50.7823,-104.368,147.519,1]
[0.274937,0.383025,0.881874,0,0.0867456,0.903599,-0.419504,0,-0.957541,0.191836,0.215207,0,50.8043,-104.099,148.377,1]
[0.273818,0.383685,0.881935,0,0.0876154,0.903217,-0.420146,0,-0.957783,0.192314,0.2137,0,50.785,-103.83,149.296,1]
[0.271654,0.384579,0.882215,0,0.0883934,0.902842,-0.420789,0,-0.958327,0.192291,0.211266,0,50.6515,-103.534,150.221,1]
[0.268024,0.385992,0.882708,0,0.0888239,0.902428,-0.421586,0,-0.959309,0.191401,0.207587,0,50.4421,-103.18,151.296,1]
[0.263066,0.387829,0.883394,0,0.0893842,0.901909,-0.422575,0,-0.960628,0.190127,0.202596,0,50.0853,-102.772,152.453,1]
[0.257237,0.390356,0.883997,0,0.0897825,0.90117,-0.424065,0,-0.962168,0.188453,0.196767,0,49.6526,-102.259,153.666,1]
[0.250481,0.392279,0.885086,0,0.0901818,0.900801,-0.424765,0,-0.963912,0.186214,0.190257,0,49.1485,-101.863,154.873,1]
[0.242918,0.393028,0.886859,0,0.090529,0.901069,-0.424122,0,-0.965813,0.183314,0.183306,0,48.5978,-101.715,155.979,1]
[0.235525,0.392971,0.888877,0,0.0904438,0.901775,-0.422638,0,-0.967651,0.179935,0.176849,0,48.0997,-101.692,156.978,1]
[0.227727,0.392795,0.890984,0,0.0900794,0.902604,-0.420941,0,-0.969549,0.176119,0.170165,0,47.6292,-101.702,157.925,1]
[0.220377,0.393725,0.892421,0,0.0894481,0.902901,-0.420438,0,-0.971305,0.17248,0.163761,0,47.2363,-101.514,158.962,1]
[0.213284,0.395188,0.893497,0,0.0883533,0.902991,-0.420478,0,-0.972987,0.168624,0.157677,0,46.9431,-101.22,160.048,1]
[0.206411,0.397625,0.89403,0,0.0868216,0.902659,-0.421508,0,-0.974606,0.164625,0.151796,0,46.7607,-100.742,161.19,1]
[0.19963,0.399817,0.894592,0,0.0846794,0.902514,-0.422254,0,-0.976205,0.160048,0.146313,0,46.6772,-100.292,162.28,1]
